Owner:,LOTT ROBERT
Cname:,PLANETLINK COMMUNICATIONS INC
Google Trends Search Term:,None
Google Trends Suggestion:,None
Category:,Unreliable

Year,Month,SVI Data
2004,Jan,100
2004,Feb,33
2004,Mar,83
2004,Apr,63
2004,May,29
2004,Jun,30
2004,Jul,61
2004,Aug,55
2004,Sep,0
2004,Oct,27
2004,Nov,55
2004,Dec,74
2005,Jan,0
2005,Feb,23
2005,Mar,0
2005,Apr,0
2005,May,40
2005,Jun,41
2005,Jul,40
2005,Aug,0
2005,Sep,17
2005,Oct,16
2005,Nov,17
2005,Dec,48
2006,Jan,14
2006,Feb,73
2006,Mar,13
2006,Apr,27
2006,May,0
2006,Jun,41
2006,Jul,0
2006,Aug,12
2006,Sep,24
2006,Oct,11
2006,Nov,55
2006,Dec,22
2007,Jan,29
2007,Feb,10
2007,Mar,28
2007,Apr,19
2007,May,0
2007,Jun,46
2007,Jul,35
2007,Aug,33
2007,Sep,0
2007,Oct,45
2007,Nov,30
2007,Dec,23
2008,Jan,14
2008,Feb,7
2008,Mar,14
2008,Apr,13
2008,May,20
2008,Jun,22
2008,Jul,28
2008,Aug,14
2008,Sep,31
2008,Oct,12
2008,Nov,13
2008,Dec,19
2009,Jan,24
2009,Feb,25
2009,Mar,6
2009,Apr,40
2009,May,29
2009,Jun,12
2009,Jul,29
2009,Aug,17
2009,Sep,5
2009,Oct,0
2009,Nov,5
2009,Dec,21
2010,Jan,15
2010,Feb,10
2010,Mar,5
2010,Apr,10
2010,May,10
2010,Jun,26
2010,Jul,13
2010,Aug,34
2010,Sep,8
2010,Oct,12
2010,Nov,4
2010,Dec,0
2011,Jan,6
2011,Feb,13
2011,Mar,9
2011,Apr,13
2011,May,6
2011,Jun,16
2011,Jul,9
2011,Aug,6
2011,Sep,14
2011,Oct,22
2011,Nov,14
2011,Dec,11
2012,Jan,22
2012,Feb,13
2012,Mar,14
2012,Apr,10
2012,May,12
2012,Jun,15
2012,Jul,12
2012,Aug,23
2012,Sep,7
2012,Oct,18
2012,Nov,11
2012,Dec,24
2013,Jan,14
2013,Feb,9
2013,Mar,6
2013,Apr,10
2013,May,4
2013,Jun,13
2013,Jul,10
2013,Aug,18
2013,Sep,18
2013,Oct,13
2013,Nov,20
2013,Dec,10
2014,Jan,13
2014,Feb,18
2014,Mar,2
2014,Apr,4
2014,May,10
2014,Jun,14
2014,Jul,7
2014,Aug,13
2014,Sep,8
2014,Oct,6
2014,Nov,11
2014,Dec,4
2015,Jan,10
2015,Feb,6
2015,Mar,4
2015,Apr,17
2015,May,15
2015,Jun,11
2015,Jul,9
2015,Aug,17
2015,Sep,6
2015,Oct,16
2015,Nov,12
2015,Dec,8
2016,Jan,8
2016,Feb,12
2016,Mar,11
2016,Apr,5
2016,May,12
2016,Jun,15
2016,Jul,3
2016,Aug,2
2016,Sep,10
2016,Oct,10
2016,Nov,6
2016,Dec,9
2017,Jan,10
2017,Feb,2
2017,Mar,13
2017,Apr,3
2017,May,9
2017,Jun,5
2017,Jul,3
2017,Aug,11
2017,Sep,8
2017,Oct,15
2017,Nov,6
2017,Dec,9
2018,Jan,11
2018,Feb,12
2018,Mar,3
2018,Apr,4
2018,May,4
2018,Jun,8
2018,Jul,5
2018,Aug,9
2018,Sep,3
2018,Oct,7
2018,Nov,6
2018,Dec,9
2019,Jan,14
2019,Feb,8
2019,Mar,4
2019,Apr,10
2019,May,12
2019,Jun,7
2019,Jul,4
2019,Aug,14
2019,Sep,7
2019,Oct,9
2019,Nov,8
2019,Dec,4
2020,Jan,6
2020,Feb,3
2020,Mar,3
2020,Apr,5
2020,May,6
2020,Jun,6
2020,Jul,6
2020,Aug,10
2020,Sep,6
2020,Oct,11
2020,Nov,3
2020,Dec,5
2021,Jan,9
2021,Feb,11
2021,Mar,4
2021,Apr,3
2021,May,7
2021,Jun,10
2021,Jul,6
2021,Aug,6
2021,Sep,6
2021,Oct,3
2021,Nov,2
2021,Dec,1
2022,Jan,6
2022,Feb,10
2022,Mar,6
