Owner:,DUNN PETER
Cname:,EMPIRE POST MEDIA INC
Google Trends Search Term:,None
Google Trends Suggestion:,None
Category:,Unreliable

Year,Month,SVI Data
2004,Jan,46
2004,Feb,60
2004,Mar,0
2004,Apr,44
2004,May,67
2004,Jun,41
2004,Jul,28
2004,Aug,38
2004,Sep,36
2004,Oct,25
2004,Nov,64
2004,Dec,45
2005,Jan,40
2005,Feb,42
2005,Mar,71
2005,Apr,31
2005,May,27
2005,Jun,37
2005,Jul,28
2005,Aug,87
2005,Sep,56
2005,Oct,75
2005,Nov,23
2005,Dec,29
2006,Jan,46
2006,Feb,47
2006,Mar,66
2006,Apr,13
2006,May,42
2006,Jun,13
2006,Jul,18
2006,Aug,56
2006,Sep,39
2006,Oct,26
2006,Nov,15
2006,Dec,20
2007,Jan,27
2007,Feb,29
2007,Mar,9
2007,Apr,17
2007,May,40
2007,Jun,30
2007,Jul,64
2007,Aug,34
2007,Sep,23
2007,Oct,31
2007,Nov,27
2007,Dec,32
2008,Jan,38
2008,Feb,42
2008,Mar,32
2008,Apr,22
2008,May,34
2008,Jun,47
2008,Jul,25
2008,Aug,22
2008,Sep,37
2008,Oct,40
2008,Nov,32
2008,Dec,26
2009,Jan,44
2009,Feb,26
2009,Mar,23
2009,Apr,26
2009,May,11
2009,Jun,27
2009,Jul,37
2009,Aug,29
2009,Sep,35
2009,Oct,19
2009,Nov,34
2009,Dec,41
2010,Jan,25
2010,Feb,23
2010,Mar,13
2010,Apr,42
2010,May,28
2010,Jun,28
2010,Jul,22
2010,Aug,19
2010,Sep,36
2010,Oct,35
2010,Nov,27
2010,Dec,18
2011,Jan,27
2011,Feb,21
2011,Mar,36
2011,Apr,26
2011,May,19
2011,Jun,100
2011,Jul,41
2011,Aug,30
2011,Sep,34
2011,Oct,28
2011,Nov,20
2011,Dec,31
2012,Jan,20
2012,Feb,31
2012,Mar,20
2012,Apr,16
2012,May,26
2012,Jun,19
2012,Jul,25
2012,Aug,13
2012,Sep,16
2012,Oct,30
2012,Nov,25
2012,Dec,24
2013,Jan,28
2013,Feb,22
2013,Mar,17
2013,Apr,23
2013,May,19
2013,Jun,14
2013,Jul,34
2013,Aug,32
2013,Sep,22
2013,Oct,23
2013,Nov,20
2013,Dec,15
2014,Jan,17
2014,Feb,27
2014,Mar,22
2014,Apr,15
2014,May,19
2014,Jun,18
2014,Jul,26
2014,Aug,17
2014,Sep,19
2014,Oct,17
2014,Nov,15
2014,Dec,25
2015,Jan,19
2015,Feb,29
2015,Mar,25
2015,Apr,32
2015,May,16
2015,Jun,23
2015,Jul,17
2015,Aug,17
2015,Sep,28
2015,Oct,26
2015,Nov,13
2015,Dec,18
2016,Jan,24
2016,Feb,20
2016,Mar,25
2016,Apr,26
2016,May,21
2016,Jun,22
2016,Jul,25
2016,Aug,17
2016,Sep,24
2016,Oct,13
2016,Nov,21
2016,Dec,17
2017,Jan,19
2017,Feb,19
2017,Mar,19
2017,Apr,18
2017,May,14
2017,Jun,18
2017,Jul,16
2017,Aug,21
2017,Sep,19
2017,Oct,13
2017,Nov,21
2017,Dec,17
2018,Jan,12
2018,Feb,19
2018,Mar,17
2018,Apr,13
2018,May,14
2018,Jun,21
2018,Jul,12
2018,Aug,20
2018,Sep,14
2018,Oct,21
2018,Nov,19
2018,Dec,19
2019,Jan,17
2019,Feb,17
2019,Mar,14
2019,Apr,19
2019,May,13
2019,Jun,10
2019,Jul,22
2019,Aug,14
2019,Sep,9
2019,Oct,14
2019,Nov,15
2019,Dec,19
2020,Jan,16
2020,Feb,16
2020,Mar,12
2020,Apr,15
2020,May,8
2020,Jun,17
2020,Jul,10
2020,Aug,11
2020,Sep,14
2020,Oct,11
2020,Nov,10
2020,Dec,15
2021,Jan,77
