Owner:,MILLER WILLIAM JOHN
Cname:,VEECO INSTRUMENTS INC DE
Google Trends Search Term:,None
Google Trends Suggestion:,None
Category:,Unreliable

Year,Month,SVI Data
2004,Jan,0
2004,Feb,28
2004,Mar,36
2004,Apr,27
2004,May,100
2004,Jun,51
2004,Jul,26
2004,Aug,47
2004,Sep,23
2004,Oct,70
2004,Nov,48
2004,Dec,43
2005,Jan,37
2005,Feb,0
2005,Mar,50
2005,Apr,19
2005,May,34
2005,Jun,0
2005,Jul,35
2005,Aug,16
2005,Sep,60
2005,Oct,42
2005,Nov,29
2005,Dec,55
2006,Jan,85
2006,Feb,76
2006,Mar,45
2006,Apr,59
2006,May,11
2006,Jun,24
2006,Jul,46
2006,Aug,21
2006,Sep,11
2006,Oct,48
2006,Nov,38
2006,Dec,19
2007,Jan,17
2007,Feb,18
2007,Mar,32
2007,Apr,24
2007,May,22
2007,Jun,16
2007,Jul,45
2007,Aug,29
2007,Sep,29
2007,Oct,19
2007,Nov,39
2007,Dec,20
2008,Jan,47
2008,Feb,55
2008,Mar,24
2008,Apr,23
2008,May,53
2008,Jun,19
2008,Jul,36
2008,Aug,12
2008,Sep,43
2008,Oct,20
2008,Nov,17
2008,Dec,27
2009,Jan,36
2009,Feb,43
2009,Mar,5
2009,Apr,20
2009,May,20
2009,Jun,15
2009,Jul,25
2009,Aug,29
2009,Sep,38
2009,Oct,27
2009,Nov,23
2009,Dec,14
2010,Jan,34
2010,Feb,22
2010,Mar,52
2010,Apr,38
2010,May,22
2010,Jun,22
2010,Jul,11
2010,Aug,11
2010,Sep,14
2010,Oct,17
2010,Nov,34
2010,Dec,20
2011,Jan,21
2011,Feb,32
2011,Mar,23
2011,Apr,27
2011,May,13
2011,Jun,24
2011,Jul,19
2011,Aug,30
2011,Sep,12
2011,Oct,23
2011,Nov,26
2011,Dec,9
2012,Jan,30
2012,Feb,15
2012,Mar,21
2012,Apr,26
2012,May,25
2012,Jun,13
2012,Jul,21
2012,Aug,16
2012,Sep,20
2012,Oct,28
2012,Nov,25
2012,Dec,17
2013,Jan,16
2013,Feb,13
2013,Mar,19
2013,Apr,14
2013,May,19
2013,Jun,14
2013,Jul,30
2013,Aug,14
2013,Sep,15
2013,Oct,21
2013,Nov,20
2013,Dec,29
2014,Jan,16
2014,Feb,14
2014,Mar,22
2014,Apr,21
2014,May,11
2014,Jun,12
2014,Jul,10
2014,Aug,9
2014,Sep,16
2014,Oct,32
2014,Nov,28
2014,Dec,11
2015,Jan,16
2015,Feb,15
2015,Mar,16
2015,Apr,14
2015,May,11
2015,Jun,10
2015,Jul,26
2015,Aug,15
2015,Sep,12
2015,Oct,15
2015,Nov,10
2015,Dec,9
2016,Jan,17
2016,Feb,13
2016,Mar,16
2016,Apr,14
2016,May,11
2016,Jun,13
2016,Jul,10
2016,Aug,10
2016,Sep,11
2016,Oct,7
2016,Nov,15
2016,Dec,13
2017,Jan,10
2017,Feb,12
2017,Mar,18
2017,Apr,13
2017,May,12
2017,Jun,11
2017,Jul,7
2017,Aug,9
2017,Sep,13
2017,Oct,16
2017,Nov,13
2017,Dec,9
2018,Jan,11
2018,Feb,7
2018,Mar,16
2018,Apr,11
2018,May,10
2018,Jun,12
2018,Jul,8
2018,Aug,13
2018,Sep,22
2018,Oct,26
2018,Nov,21
2018,Dec,15
2019,Jan,20
2019,Feb,13
2019,Mar,15
2019,Apr,19
2019,May,9
2019,Jun,9
2019,Jul,15
2019,Aug,13
2019,Sep,9
2019,Oct,20
2019,Nov,9
2019,Dec,10
2020,Jan,15
2020,Feb,13
2020,Mar,18
2020,Apr,12
2020,May,12
2020,Jun,9
2020,Jul,18
2020,Aug,13
2020,Sep,8
2020,Oct,12
2020,Nov,19
2020,Dec,9
2021,Jan,11
